td_0_string=mdl-2000:1
td_0_data=133.000000 105.000000 4 0 1 0 0.600000 2.000000 -1 255 50 1 379.500000 241.000000 0 1 1 0 1 1 -10.000000 0.000000 -20.000000 1.000000 255 255 50 
td_0_bar_data=100.000000 0 
td_1_string=mdl-2000:0
td_1_data=140.000000 115.000000 4 0 1 0 0.600000 2.000000 -1 255 50 0 31.500000 32.500000 1 1 1 0 1 1 -10.000000 0.000000 -20.000000 1.000000 255 255 50 
td_1_bar_data=100.000000 0 
td_2_string=_
td_2_data=323.000000 327.000000 1 0 1 0 0.600000 1.849997 -1 255 135 1 298.500000 375.500000 0 2 1 0 1 1 -10.000000 0.000000 -20.000000 1.000000 255 255 135 
td_2_bar_data=100.000000 0 
td_3_string=mdl-2000:2
td_3_data=135.000000 325.000000 4 0 1 0 0.600000 2.000000 -1 255 50 0 17.000000 20.000000 1 1 1 0 1 1 -10.000000 0.000000 -20.000000 1.000000 255 255 50 
td_3_bar_data=100.000000 0 
td_4_string=mdl-2000:3
td_4_data=141.000000 160.000000 4 0 1 0 0.600000 2.000000 -1 255 50 1 28.000000 30.000000 1 1 1 0 1 1 -10.000000 0.000000 -20.000000 1.000000 255 255 50 
td_4_bar_data=100.000000 0 
